1.000000000000000000e+00 5.556415557861328347e-01 4.938324701218378410e-01 4.673174176897321175e-01 4.297565641857328256e-01 3.966129847935267461e-01 3.745177496047247256e-01 2.627902192255139879e-01 2.479756681814914154e-01 2.425181023810190351e-01 2.365275923782580725e-01 2.312112704578780931e-01 2.261972841304542847e-01
1.250000000000000000e+00 4.580852508544921986e-01 4.074693588983444581e-01 3.840018136160714413e-01 3.488059270949590562e-01 3.338709150041852536e-01 3.136054629371279323e-01 2.383922244932779877e-01 2.227959368620295033e-01 2.122977712378466553e-01 2.050418802686371500e-01 1.999278362857504765e-01 1.947073484040666713e-01
1.500000000000000000e+00 4.104061126708984375e-01 3.620601472400483689e-01 3.404582795642671078e-01 3.075450715564545523e-01 2.962287176223027951e-01 2.612583272758187136e-01 2.238494742936670001e-01 2.086963719590190502e-01 1.975683036330456999e-01 1.898659342614895384e-01 1.819228551302695118e-01 1.778570849614818927e-01
1.750000000000000000e+00 3.720043563842773682e-01 3.266720363071986544e-01 3.057166326613652840e-01 2.733384450276692412e-01 2.504795801071893480e-01 2.323849995930989398e-01 2.104169476814179984e-01 1.956646117098476134e-01 1.849305104520190257e-01 1.798979946154161957e-01 1.726831873048657040e-01 1.684685740876276094e-01
2.000000000000000000e+00 3.414419174194335826e-01 2.966898963564917890e-01 2.740575517926897020e-01 2.430477505638485580e-01 2.204208374023437222e-01 2.028230031331380301e-01 1.993592309745640112e-01 1.829293324995247549e-01 1.778570849614818927e-01 1.695286318792504632e-01 1.652623751103733385e-01 1.587301587301590267e-01
2.250000000000000000e+00 3.183216667175293169e-01 2.768783024379185553e-01 2.567277090890066615e-01 2.269367399669828811e-01 2.059088207426525152e-01 1.892610822405133841e-01 1.888928943461870014e-01 1.737262617050847613e-01 1.695286318792504632e-01 1.631029236526237991e-01 1.587301587301590267e-01 1.531606111460104835e-01
2.500000000000000000e+00 2.973612785339355691e-01 2.568025679815382767e-01 2.360007513137090673e-01 2.072020576113746126e-01 1.856033325195312333e-01 1.704019092378162292e-01 1.802177052700590087e-01 1.652623751103733385e-01 1.620165115365571340e-01 1.554024678516923719e-01 1.508997287191180814e-01 1.474721383537933306e-01
2.750000000000000000e+00 2.800011825561523615e-01 2.400020599365234042e-01 2.201905386788504393e-01 1.920018150692894277e-01 1.714296068464006562e-01 1.531442878359839943e-01 1.701173371133850032e-01 1.576255641891371462e-01 1.554024678516923719e-01 1.508997287191180814e-01 1.451624956895114227e-01 1.404829292018171250e-01
3.000000000000000000e+00 2.644828605651855513e-01 2.258305685860770018e-01 2.062862396240234542e-01 1.780578613281249833e-01 1.585155850365048413e-01 1.447629020327613480e-01 1.637579899929089977e-01 1.508997287191180814e-01 1.474721383537933306e-01 1.440001934939952322e-01 1.381124189800361779e-01 1.345173969372304712e-01
3.250000000000000000e+00 2.512805747985840110e-01 2.132597242082868438e-01 1.940593901134672616e-01 1.659442356654575734e-01 1.474312827700660078e-01 1.344016937982468463e-01 1.578480789334809897e-01 1.474721383537933306e-01 1.428328560499456945e-01 1.381124189800361779e-01 1.320940922029114062e-01 1.296491184939428387e-01
3.500000000000000000e+00 2.400420761108398304e-01 2.020576840355282622e-01 1.826297215053013512e-01 1.554296402704148095e-01 1.372967947097051555e-01 1.243437085832868189e-01 1.524206204739869952e-01 1.428328560499456945e-01 1.393002657589161863e-01 1.320940922029114062e-01 1.271821509364504665e-01 1.246928577964304674e-01
3.750000000000000000e+00 2.297615432739257835e-01 1.913911728631882414e-01 1.718866257440476164e-01 1.456765401931036097e-01 1.280003411429268823e-01 1.158096313476562472e-01 1.487434692412510084e-01 1.381124189800361779e-01 1.357210231309104453e-01 1.271821509364504665e-01 1.221809002923733289e-01 1.196459324015847620e-01
4.000000000000000000e+00 2.208002090454101451e-01 1.822869618733723995e-01 1.622872852143787126e-01 1.365715117681594315e-01 1.194305692400251112e-01 1.074307032993861571e-01 1.425070742874559870e-01 1.333084331502600028e-01 1.308743341162447449e-01 1.234397335442961735e-01 1.170876006599723823e-01 1.145055439550152349e-01
6.000000000000000000e+00 1.719211769104004028e-01 1.397350129627046300e-01 1.237349283127557598e-01 1.024010794503348171e-01 8.906824929373605149e-02 8.000137692406063261e-02 1.188657789371980050e-01 1.092687716708199974e-01 1.066132936602523784e-01 1.039325653573828501e-01 9.849373795138952059e-02 9.434527362327714550e-02
8.000000000000000000e+00 1.440012550354003995e-01 1.142866316295805401e-01 9.920060294015066449e-02 8.045823233468191171e-02 6.902940386817568719e-02 6.518137795584541538e-02 1.048564074507089966e-01 9.154580230691990173e-02 8.871874986903371951e-02 8.298006745211723711e-02 8.006749351510504542e-02 7.712544988832419068e-02
1.000000000000000000e+01 1.249603271484374944e-01 9.805764697846912348e-02 8.422916957310268293e-02 6.746709914434524669e-02 6.034364246186755404e-02 5.154356528774906021e-02 9.165947560905039759e-02 8.298006745211723711e-02 7.933476473503685289e-02 7.564322104921571144e-02 7.415343623414570595e-02 7.265603102718286299e-02
1.500000000000000000e+01 9.800004959106445312e-02 7.504787445068360208e-02 6.438127245221818284e-02 5.104814711071195554e-02 4.685746147519066068e-02 4.076220953639161926e-02 7.942538210167650325e-02 7.265603102718286299e-02 6.811743725213389999e-02 6.505238988103589914e-02 6.195524761099304584e-02 6.039446516029142037e-02
2.000000000000000000e+01 8.160051345825194979e-02 6.003825323922293289e-02 4.998117628551664721e-02 4.076213020978120688e-02 3.413349117080026474e-02 3.139082590738932060e-02 7.152330911474059916e-02 6.350786553981248306e-02 6.039446516029142037e-02 5.882544637999818915e-02 5.724811857510447854e-02 5.645631582514533398e-02
3.000000000000000000e+01 6.272017955780029297e-02 3.718114353361583885e-02 2.895355723789680771e-02 2.179062707083565670e-02 1.676193305424281479e-02 1.447631631578717888e-02 6.176671869899810069e-02 5.406824058982742653e-02 4.923423593942675980e-02 5.085423135386542975e-02 4.760547588511152006e-02 4.678778437028104781e-02
4.000000000000000000e+01 5.296016693115234569e-02 3.154297102065313496e-02 2.636195137387229923e-02 1.874293940407889200e-02 1.462864081064860038e-02 1.249538376217796710e-02 5.169594773639810126e-02 4.596787187276075992e-02 4.266580964182123403e-02 4.266580964182123403e-02 4.100118767743723275e-02 3.932739422932104295e-02
5.000000000000000000e+01 4.640005111694336243e-02 2.788573219662620825e-02 2.331439654032389439e-02 1.660953249250139360e-02 1.356203442528134198e-02 1.112396262940906246e-02 4.479910012391229851e-02 4.100118767743723275e-02 3.595195366726085251e-02 3.595195366726085251e-02 3.425013419083457189e-02 3.425013419083457189e-02
6.000000000000000000e+01 4.192013263702392550e-02 2.529529162815638901e-02 2.102861631484258600e-02 1.493347258794875364e-02 1.234298206510998051e-02 1.020959331875755625e-02 3.952656200587689739e-02 3.595195366726085251e-02 3.339566139706561659e-02 3.339566139706561659e-02 3.253879846874314224e-02 3.253879846874314224e-02
7.000000000000000000e+01 3.824007511138916016e-02 2.419901843094707239e-02 2.037813888853462485e-02 1.448766627715001795e-02 1.178121685388669460e-02 9.870647791013197406e-03 3.596264090037629840e-02 3.578372228893164642e-02 3.309802085008597267e-02 3.309802085008597267e-02 3.219776154703542920e-02 3.219776154703542920e-02
8.000000000000000000e+01 3.552006483078003207e-02 2.260701336077789933e-02 1.926375977435515474e-02 1.369155224282943284e-02 1.114436168575761409e-02 9.393076991560448535e-03 3.416573839218030317e-02 3.399575959420925858e-02 3.219776154703542920e-02 3.219776154703542920e-02 3.219776154703542920e-02 3.219776154703542920e-02
9.000000000000000000e+01 3.328001976013183344e-02 2.133339317283820466e-02 1.814935930925815413e-02 1.321403304142738586e-02 1.050754091632900150e-02 8.915529322268357995e-03 3.235875035477060041e-02 3.219776154703542920e-02 3.038963391855562315e-02 3.038963391855562315e-02 3.038963391855562315e-02 3.038963391855562315e-02
1.000000000000000000e+02 3.152008295059204046e-02 2.021893458579903519e-02 1.719410976960291521e-02 1.257719447956749496e-02 1.013577678275322594e-02 8.597056664044585433e-03 3.054158208814839945e-02 3.038963391855562315e-02 3.038963391855562315e-02 3.038963391855562315e-02 3.038963391855562315e-02 3.038963391855562315e-02
2.000000000000000000e+02 2.152008295059204199e-02 2.021893458579903519e-02 1.719410976960291521e-02 1.257719447956749496e-02 1.013577678275322594e-02 8.597056664044585433e-03 2.871413764273579930e-02 2.857128123655303803e-02 2.857128123655303803e-02 2.751478067318985365e-02 2.658177797865028669e-02 2.658177797865028669e-02
4.000000000000000000e+02 1.152008295059204004e-02 1.026868582958012817e-02 9.679609981935417135e-03 9.217918452931874590e-03 7.968165625387164941e-03 6.607006912800804030e-03 1.971413764273579824e-02 1.961605735595602085e-02 1.862103248033413275e-02 1.756453191697094490e-02 1.756453191697094490e-02 1.756453191697094490e-02
6.000000000000000000e+02 1.152008295059204004e-02 1.026868582958012817e-02 9.679609981935417135e-03 9.217918452931874590e-03 7.968165625387164941e-03 6.607006912800804030e-03 1.971413764273579824e-02 1.961605735595602085e-02 1.862103248033413275e-02 1.756453191697094490e-02 1.756453191697094490e-02 1.756453191697094490e-02
8.000000000000000000e+02 1.152008295059204004e-02 1.026868582958012817e-02 9.679609981935417135e-03 9.217918452931874590e-03 7.968165625387164941e-03 6.607006912800804030e-03 1.765235457655579820e-02 1.756453191697094490e-02 1.756453191697094490e-02 1.756453191697094490e-02 1.663152922243137793e-02 1.663152922243137793e-02
1.000000000000000000e+03 9.560084857664534821e-03 9.313433917600718800e-03 8.955291040353953458e-03 8.318409041978828966e-03 7.967848842973851778e-03 7.323384166356937397e-03 1.467072183570680005e-02 1.459725903948324612e-02 1.452736352806646876e-02 1.452736352806646876e-02 1.452736352806646876e-02 1.452736352806646876e-02
