1.000000000000000056e-01 4.562999999999999834e-01 3.338999999999999746e-01 0.000000000000000000e+00 0.000000000000000000e+00
1.096000000000000030e-01 4.562999999999999834e-01 3.338999999999999746e-01 0.000000000000000000e+00 0.000000000000000000e+00
1.202000000000000013e-01 4.562999999999999834e-01 3.338999999999999746e-01 0.000000000000000000e+00 0.000000000000000000e+00
1.318000000000000005e-01 4.562999999999999834e-01 3.338999999999999746e-01 0.000000000000000000e+00 0.000000000000000000e+00
1.444999999999999896e-01 4.562999999999999834e-01 3.338999999999999746e-01 0.000000000000000000e+00 0.000000000000000000e+00
1.585000000000000020e-01 4.562999999999999834e-01 3.338999999999999746e-01 0.000000000000000000e+00 0.000000000000000000e+00
1.738000000000000100e-01 4.562999999999999834e-01 3.338999999999999746e-01 0.000000000000000000e+00 0.000000000000000000e+00
1.905000000000000027e-01 4.562999999999999834e-01 3.338999999999999746e-01 0.000000000000000000e+00 0.000000000000000000e+00
2.089000000000000024e-01 4.562999999999999834e-01 3.338999999999999746e-01 0.000000000000000000e+00 0.000000000000000000e+00
2.290999999999999981e-01 4.562999999999999834e-01 3.338999999999999746e-01 0.000000000000000000e+00 0.000000000000000000e+00
2.511999999999999789e-01 4.562999999999999834e-01 3.338999999999999746e-01 0.000000000000000000e+00 0.000000000000000000e+00
2.753999999999999782e-01 4.562999999999999834e-01 3.338999999999999746e-01 0.000000000000000000e+00 0.000000000000000000e+00
3.019999999999999907e-01 4.562999999999999834e-01 3.338999999999999746e-01 0.000000000000000000e+00 0.000000000000000000e+00
3.311000000000000054e-01 4.562999999999999834e-01 3.338999999999999746e-01 0.000000000000000000e+00 0.000000000000000000e+00
3.630999999999999783e-01 4.562999999999999834e-01 3.327999999999999847e-01 0.000000000000000000e+00 2.789000000000000146e+00
3.981000000000000094e-01 4.562999999999999834e-01 3.269000000000000239e-01 0.000000000000000000e+00 3.780699999999999950e+00
4.364999999999999991e-01 4.562999999999999834e-01 3.191999999999999837e-01 0.000000000000000000e+00 4.301599999999999646e+00
4.786000000000000254e-01 4.562999999999999834e-01 3.106999999999999762e-01 0.000000000000000000e+00 4.673799999999999955e+00
5.248000000000000442e-01 4.562999999999999834e-01 3.018000000000000127e-01 0.000000000000000000e+00 4.985400000000000276e+00
5.754000000000000226e-01 4.562999999999999834e-01 2.926000000000000267e-01 0.000000000000000000e+00 5.220600000000000129e+00
6.310000000000000053e-01 4.562999999999999834e-01 2.832999999999999963e-01 0.000000000000000000e+00 5.416699999999999626e+00
6.917999999999999705e-01 4.562999999999999834e-01 2.737999999999999878e-01 0.000000000000000000e+00 5.620199999999999640e+00
7.586000000000000520e-01 4.562999999999999834e-01 2.644000000000000239e-01 0.000000000000000000e+00 5.777800000000000047e+00
8.317999999999999838e-01 4.562999999999999834e-01 2.549000000000000155e-01 0.000000000000000000e+00 5.939799999999999969e+00
9.120000000000000329e-01 4.562999999999999834e-01 2.454999999999999960e-01 0.000000000000000000e+00 6.050399999999999778e+00
1.000000000000000000e+00 4.562999999999999834e-01 2.361999999999999933e-01 0.000000000000000000e+00 6.219999999999999751e+00
1.096500000000000030e+00 4.338000000000000189e-01 2.270000000000000073e-01 1.185970000000000013e+01 6.335799999999999876e+00
1.202299999999999924e+00 4.112999999999999989e-01 2.179000000000000103e-01 1.143030000000000079e+01 6.453700000000000436e+00
1.318300000000000027e+00 3.891000000000000014e-01 2.089999999999999913e-01 1.111849999999999916e+01 6.573800000000000310e+00
1.445400000000000018e+00 3.674999999999999933e-01 2.001999999999999891e-01 1.081520000000000081e+01 6.696200000000000152e+00
1.584899999999999975e+00 3.467999999999999972e-01 1.915999999999999925e-01 1.061759999999999948e+01 6.820800000000000196e+00
1.737800000000000011e+00 3.269000000000000239e-01 1.832000000000000017e-01 1.042360000000000042e+01 6.947700000000000209e+00
1.905499999999999972e+00 3.080999999999999850e-01 1.751000000000000056e-01 1.023320000000000007e+01 7.076999999999999957e+00
2.089300000000000157e+00 2.902000000000000135e-01 1.670999999999999985e-01 1.013930000000000042e+01 7.208700000000000330e+00
2.290900000000000158e+00 2.733999999999999764e-01 1.593999999999999861e-01 1.004620000000000068e+01 7.410899999999999821e+00
2.511899999999999800e+00 2.574000000000000177e-01 1.519000000000000072e-01 9.954000000000000625e+00 7.548799999999999955e+00
2.754199999999999982e+00 2.424000000000000044e-01 1.446999999999999953e-01 9.954000000000000625e+00 7.689300000000000246e+00
3.020000000000000018e+00 2.283000000000000029e-01 1.376999999999999891e-01 9.954000000000000625e+00 7.832399999999999807e+00
3.311300000000000132e+00 2.149999999999999967e-01 1.310000000000000053e-01 9.954000000000000625e+00 7.978100000000000414e+00
3.630799999999999805e+00 2.025000000000000133e-01 1.244999999999999996e-01 9.954000000000000625e+00 8.126599999999999824e+00
3.981100000000000083e+00 1.907999999999999974e-01 1.183000000000000024e-01 1.004620000000000068e+01 8.277900000000000702e+00
4.365199999999999747e+00 1.796999999999999986e-01 1.122999999999999970e-01 1.013930000000000042e+01 8.509999999999999787e+00
4.786299999999999777e+00 1.693000000000000060e-01 1.064999999999999974e-01 1.023320000000000007e+01 8.668400000000000105e+00
5.248099999999999987e+00 1.595000000000000029e-01 1.010000000000000064e-01 1.032789999999999964e+01 8.911500000000000199e+00
5.754400000000000404e+00 1.502999999999999892e-01 9.569999999999999341e-02 1.042360000000000042e+01 9.077299999999999258e+00
6.309599999999999653e+00 1.416000000000000036e-01 9.070000000000000284e-02 1.061759999999999948e+01 9.246299999999999741e+00
6.918300000000000338e+00 1.333999999999999908e-01 8.590000000000000413e-02 1.071589999999999954e+01 9.505599999999999383e+00
7.585799999999999876e+00 1.257000000000000062e-01 8.129999999999999727e-02 1.091539999999999999e+01 9.682499999999999218e+00
8.317600000000000549e+00 1.184999999999999942e-01 7.689999999999999614e-02 1.101650000000000063e+01 9.954000000000000625e+00
9.120100000000000762e+00 1.116999999999999937e-01 7.270000000000000073e-02 1.122150000000000070e+01 1.023320000000000007e+01
1.000000000000000000e+01 1.052000000000000018e-01 6.880000000000000004e-02 1.143030000000000079e+01 1.042360000000000042e+01
1.096480000000000032e+01 9.919999999999999651e-02 6.500000000000000222e-02 1.164300000000000068e+01 1.071589999999999954e+01
1.202260000000000062e+01 9.349999999999999978e-02 6.140000000000000319e-02 1.185970000000000013e+01 1.101650000000000063e+01
1.318260000000000076e+01 8.809999999999999776e-02 5.800000000000000294e-02 1.219229999999999947e+01 1.122150000000000070e+01
1.445439999999999969e+01 8.300000000000000433e-02 5.480000000000000149e-02 1.241920000000000002e+01 1.153619999999999912e+01
1.584890000000000043e+01 7.820000000000000562e-02 5.170000000000000290e-02 1.265029999999999966e+01 1.185970000000000013e+01
1.737800000000000011e+01 7.370000000000000162e-02 4.880000000000000310e-02 1.300510000000000055e+01 1.219229999999999947e+01
1.905460000000000065e+01 6.950000000000000622e-02 4.610000000000000209e-02 1.324709999999999965e+01 1.253420000000000023e+01
2.089300000000000068e+01 6.539999999999999980e-02 4.349999999999999700e-02 1.349370000000000047e+01 1.288579999999999970e+01
2.290869999999999962e+01 6.169999999999999790e-02 4.100000000000000172e-02 1.387209999999999965e+01 1.312560000000000038e+01
2.511890000000000001e+01 5.809999999999999887e-02 3.869999999999999829e-02 1.426110000000000078e+01 1.349370000000000047e+01
2.754230000000000089e+01 5.469999999999999862e-02 3.649999999999999772e-02 1.452650000000000041e+01 1.387209999999999965e+01
3.019950000000000045e+01 5.160000000000000003e-02 3.440000000000000002e-02 1.493389999999999951e+01 1.426110000000000078e+01
3.311310000000000286e+01 4.859999999999999737e-02 3.239999999999999825e-02 1.535280000000000022e+01 1.466109999999999935e+01
3.630780000000000030e+01 4.580000000000000043e-02 3.059999999999999873e-02 1.563850000000000051e+01 1.507230000000000025e+01
3.981069999999999709e+01 4.309999999999999942e-02 2.879999999999999921e-02 1.607700000000000173e+01 1.549499999999999922e+01
4.365160000000000196e+01 4.059999999999999720e-02 2.709999999999999909e-02 1.652789999999999893e+01 1.592950000000000088e+01
4.786299999999999955e+01 3.819999999999999785e-02 2.560000000000000123e-02 1.699139999999999873e+01 1.652789999999999893e+01
5.248069999999999879e+01 3.599999999999999728e-02 2.409999999999999989e-02 1.746799999999999997e+01 1.699139999999999873e+01
5.754399999999999693e+01 3.389999999999999958e-02 2.270000000000000143e-02 1.795779999999999887e+01 1.746799999999999997e+01
6.309570000000000078e+01 3.189999999999999780e-02 2.139999999999999888e-02 1.846150000000000091e+01 1.795779999999999887e+01
6.918309999999999604e+01 3.009999999999999828e-02 2.009999999999999981e-02 1.897919999999999874e+01 1.846150000000000091e+01
7.585779999999999745e+01 2.829999999999999877e-02 1.890000000000000013e-02 1.951150000000000162e+01 1.897919999999999874e+01
8.317640000000000100e+01 2.670000000000000151e-02 1.779999999999999985e-02 2.005870000000000175e+01 1.951150000000000162e+01
9.120109999999999673e+01 2.510000000000000078e-02 1.679999999999999896e-02 2.062120000000000175e+01 2.005870000000000175e+01
1.000000000000000000e+02 2.359999999999999945e-02 1.580000000000000154e-02 2.119950000000000045e+01 2.081220000000000070e+01
1.096478000000000037e+02 2.230000000000000038e-02 1.490000000000000005e-02 2.179410000000000025e+01 2.139590000000000103e+01
1.202263999999999982e+02 2.100000000000000130e-02 1.400000000000000029e-02 2.240530000000000044e+01 2.199589999999999890e+01
1.318257000000000119e+02 1.969999999999999876e-02 1.319999999999999993e-02 2.303359999999999985e+01 2.261280000000000001e+01
1.445440000000000111e+02 1.859999999999999848e-02 1.239999999999999956e-02 2.367960000000000065e+01 2.324699999999999989e+01
1.584892999999999859e+02 1.750000000000000167e-02 1.170000000000000033e-02 2.434369999999999834e+01 2.389890000000000114e+01
1.737801000000000045e+02 1.640000000000000138e-02 1.099999999999999936e-02 2.502639999999999887e+01 2.479670000000000130e+01
1.905460999999999956e+02 1.549999999999999989e-02 1.039999999999999952e-02 2.572830000000000084e+01 2.549210000000000065e+01
2.089295999999999935e+02 1.460000000000000013e-02 9.700000000000000289e-03 2.644979999999999976e+01 2.620710000000000051e+01
2.290868000000000109e+02 1.370000000000000037e-02 9.199999999999999845e-03 2.744340000000000046e+01 2.694200000000000017e+01
2.511886000000000081e+02 1.290000000000000001e-02 8.600000000000000006e-03 2.821310000000000073e+01 2.795420000000000016e+01
2.754229000000000269e+02 1.209999999999999964e-02 8.099999999999999561e-03 2.900430000000000064e+01 2.873809999999999931e+01
3.019952000000000112e+02 1.140000000000000041e-02 7.599999999999999985e-03 2.981769999999999854e+01 2.954410000000000025e+01
3.311311000000000035e+02 1.080000000000000057e-02 7.199999999999999803e-03 3.065399999999999991e+01 3.037259999999999849e+01
3.630781000000000063e+02 1.009999999999999960e-02 6.799999999999999621e-03 3.151360000000000028e+01 3.151360000000000028e+01
3.981071999999999775e+02 9.499999999999999764e-03 6.400000000000000307e-03 3.269749999999999801e+01 3.239739999999999753e+01
4.365158000000000129e+02 8.999999999999999320e-03 6.000000000000000125e-03 3.361449999999999960e+01 3.330599999999999739e+01
4.786301000000000272e+02 8.399999999999999481e-03 5.599999999999999943e-03 3.455720000000000169e+01 3.424009999999999820e+01
5.248075000000000045e+02 7.900000000000000772e-03 5.300000000000000024e-03 3.552629999999999910e+01 3.552629999999999910e+01
5.754398999999999660e+02 7.499999999999999722e-03 5.000000000000000104e-03 3.686099999999999710e+01 3.652270000000000039e+01
6.309573000000000320e+02 7.000000000000000146e-03 4.700000000000000185e-03 3.789470000000000027e+01 3.754690000000000083e+01
6.918310000000000173e+02 6.599999999999999964e-03 4.400000000000000265e-03 3.895750000000000313e+01 3.895750000000000313e+01
7.585775999999999613e+02 6.199999999999999782e-03 4.100000000000000346e-03 4.004999999999999716e+01 4.004999999999999716e+01
8.317637999999999465e+02 5.799999999999999600e-03 3.899999999999999821e-03 4.155460000000000065e+01 4.117320000000000135e+01
9.120108000000000175e+02 5.499999999999999681e-03 3.700000000000000164e-03 4.271990000000000265e+01 4.232789999999999964e+01
1.000000000000000000e+03 5.199999999999999761e-03 3.500000000000000073e-03 4.391799999999999926e+01 4.391799999999999926e+01
