1.000000000000000000e+00 6.250000000000000000e+00 5.711022272986864046e+00 5.393743257820931447e+00 5.555555555555559799e+00 5.051780752715336220e+00 4.918839153959662980e+00
1.250000000000000000e+00 6.666666666666669627e+00 6.263701847792048305e+00 6.067961165048543215e+00 5.714285714285709972e+00 5.192107995846317436e+00 5.051780752715336220e+00
1.500000000000000000e+00 8.333333333333330373e+00 6.934812760055475422e+00 6.695681285570805663e+00 5.882352941176470118e+00 5.497526113249037394e+00 5.051780752715336220e+00
1.750000000000000000e+00 8.333333333333330373e+00 7.191657677094572598e+00 6.695681285570805663e+00 6.060606060606059664e+00 5.497526113249037394e+00 5.192107995846317436e+00
2.000000000000000000e+00 8.333333333333330373e+00 7.468259895444359309e+00 6.934812760055475422e+00 6.250000000000000000e+00 5.664117813650523026e+00 5.497526113249037394e+00
2.250000000000000000e+00 8.695652173913039462e+00 7.766990291262136026e+00 7.191657677094572598e+00 6.250000000000000000e+00 5.841121495327102231e+00 5.497526113249037394e+00
2.500000000000000000e+00 9.090909090909089940e+00 7.766990291262136026e+00 7.191657677094572598e+00 6.896551724137929718e+00 5.841121495327102231e+00 5.841121495327102231e+00
2.750000000000000000e+00 9.090909090909089940e+00 7.766990291262136026e+00 7.191657677094572598e+00 6.896551724137929718e+00 5.841121495327102231e+00 5.841121495327102231e+00
3.000000000000000000e+00 9.090909090909089940e+00 7.766990291262136026e+00 7.468259895444359309e+00 7.142857142857139685e+00 6.230529595015578792e+00 6.230529595015578792e+00
3.250000000000000000e+00 9.090909090909089940e+00 8.090614886731389177e+00 7.766990291262136026e+00 7.142857142857139685e+00 6.230529595015578792e+00 6.230529595015578792e+00
3.500000000000000000e+00 9.523809523809520172e+00 8.090614886731389177e+00 7.766990291262136026e+00 7.142857142857139685e+00 6.230529595015578792e+00 6.230529595015578792e+00
3.750000000000000000e+00 9.523809523809520172e+00 8.090614886731389177e+00 7.766990291262136026e+00 7.142857142857139685e+00 6.230529595015578792e+00 6.230529595015578792e+00
4.000000000000000000e+00 9.523809523809520172e+00 8.442380751371882042e+00 8.090614886731389177e+00 7.142857142857139685e+00 6.675567423230971187e+00 6.230529595015578792e+00
6.000000000000000000e+00 9.523809523809520172e+00 8.442380751371882042e+00 8.090614886731389177e+00 7.692307692307689848e+00 6.922810661128420584e+00 7.189072609633354816e+00
8.000000000000000000e+00 1.111111111111110006e+01 9.246417013407301155e+00 9.246417013407301155e+00 9.090909090909089940e+00 7.788161993769467273e+00 7.788161993769467273e+00
1.000000000000000000e+01 1.111111111111110006e+01 9.708737864077669144e+00 9.708737864077669144e+00 9.090909090909089940e+00 8.126777732629008710e+00 7.788161993769467273e+00
1.500000000000000000e+01 1.250000000000000000e+01 1.021972406745019235e+01 1.021972406745019235e+01 1.111111111111110006e+01 1.038421599169261711e+01 9.837678307919343723e+00
2.000000000000000000e+01 1.333333333333330017e+01 1.142204454597368901e+01 1.142204454597368901e+01 1.111111111111110006e+01 1.038421599169261711e+01 1.038421599169261711e+01
3.000000000000000000e+01 1.428571428571430069e+01 1.213592233009708643e+01 1.213592233009708643e+01 1.250000000000000000e+01 1.168224299065420446e+01 1.168224299065420446e+01
4.000000000000000000e+01 1.538461538461539924e+01 1.294498381877019355e+01 1.294498381877019355e+01 1.250000000000000000e+01 1.168224299065420446e+01 1.168224299065420446e+01
5.000000000000000000e+01 1.666666666666669983e+01 1.386962552011097038e+01 1.386962552011097038e+01 1.333333333333330017e+01 1.246105919003112028e+01 1.246105919003112028e+01
6.000000000000000000e+01 1.666666666666669983e+01 1.493651979088873638e+01 1.493651979088873638e+01 1.428571428571430069e+01 1.335113484646196191e+01 1.335113484646196191e+01
7.000000000000000000e+01 1.818181818181820120e+01 1.650165016501653525e+01 1.523229246001524650e+01 1.428571428571430069e+01 1.523229246001524650e+01 1.414427157001415836e+01
8.000000000000000000e+01 1.818181818181820120e+01 1.800180018001801940e+01 1.650165016501653525e+01 1.666666666666669983e+01 1.523229246001524650e+01 1.650165016501653525e+01
9.000000000000000000e+01 2.000000000000000000e+01 1.800180018001801940e+01 1.650165016501653525e+01 1.818181818181820120e+01 1.800180018001801940e+01 1.800180018001801940e+01
1.000000000000000000e+02 2.000000000000000000e+01 1.800180018001801940e+01 1.650165016501653525e+01 1.818181818181820120e+01 1.800180018001801940e+01 1.800180018001801940e+01
5.000000000000000000e+02 3.333333333333330017e+01 3.300330033003297103e+01 3.300330033003297103e+01 3.333333333333330017e+01 3.300330033003297103e+01 3.300330033003297103e+01
1.000000000000000000e+03 4.000000000000000000e+01 3.960396039603960361e+01 3.960396039603960361e+01 4.000000000000000000e+01 3.960396039603960361e+01 3.960396039603960361e+01
