1.000000000000000000e+00 1.153970331110200043e+00 1.169436648460520027e+00 1.177027709889540050e+00
1.500000000000000000e+00 1.120479614914040098e+00 1.143547744554969949e+00 1.160194262540499901e+00
2.000000000000000000e+00 1.082826021527879963e+00 1.102578042579130013e+00 1.123046072600039933e+00
2.500000000000000000e+00 1.056110869655960007e+00 1.065477066756699953e+00 1.091066683142269937e+00
3.000000000000000000e+00 1.032659220996720029e+00 1.051931995242860065e+00 1.062346400175039900e+00
3.500000000000000000e+00 1.029285784595850073e+00 1.042165490426550045e+00 1.058704526523150053e+00
4.000000000000000000e+00 1.027395666353970061e+00 1.040166782222000245e+00 1.054069200218600075e+00
6.000000000000000000e+00 1.016807334189840040e+00 1.039973149251099960e+00 1.052143154632250065e+00
8.000000000000000000e+00 1.012953654259459935e+00 1.037257042790000083e+00 1.050005165181469982e+00
1.000000000000000000e+01 1.013007209103309991e+00 1.033260877092919916e+00 1.046066683142269937e+00
5.000000000000000000e+01 1.002503281473400521e+00 1.019981941125799999e+00 1.028972269917689900e+00
1.000000000000000000e+02 1.001996067715900107e+00 1.006520885746049962e+00 1.010530859594724923e+00
2.000000000000000000e+02 1.001047889746689901e+00 1.002598355063259968e+00 1.002937931959479010e+00
6.000000000000000000e+02 9.993699471830810310e-01 9.998584709885400540e-01 9.999735319594790010e-01
1.000000000000000000e+03 9.996962764954779868e-01 9.999963202983953456e-01 9.999999933459440003e-01
