1.000000000000000000e+00 9.995853475518670095e-01 9.995853475518670095e-01 9.995853475518670095e-01 1.000000000000000000e+00 9.995853475518670095e-01 9.995853475518670095e-01 9.995853475518670095e-01 1.000000000000000000e+00 9.995853475518670095e-01 9.995853475518670095e-01 9.995853475518670095e-01 1.000000000000000000e+00
1.080010700000000101e+00 1.077793416070210064e+00 1.077793416070210064e+00 1.077793416070210064e+00 1.000000000000000000e+00 1.076953054615920058e+00 1.076953054615920058e+00 1.076953054615920058e+00 1.000000000000000000e+00 1.076094742944039950e+00 1.076094742944039950e+00 1.076094742944039950e+00 1.000000000000000000e+00
1.160012100000000101e+00 1.155602511419620004e+00 1.155602511419620004e+00 1.155602511419620004e+00 1.000000000000000000e+00 1.153801388851880105e+00 1.153801388851880105e+00 1.153801388851880105e+00 1.000000000000000000e+00 1.152004856328709970e+00 1.152004856328709970e+00 1.152004856328709970e+00 1.000000000000000000e+00
1.240013699999999996e+00 1.232995512592419907e+00 1.232995512592419907e+00 1.232995512592419907e+00 1.000000000000000000e+00 1.230136008041970097e+00 1.230136008041970097e+00 1.230136008041970097e+00 1.000000000000000000e+00 1.227284248033760017e+00 1.227284248033760017e+00 1.227284248033760017e+00 1.000000000000000000e+00
1.320015299999999892e+00 1.309948409481080045e+00 1.309948409481080045e+00 1.309948409481080045e+00 1.000000000000000000e+00 1.305909120415549962e+00 1.305909120415549962e+00 1.305909120415549962e+00 1.000000000000000000e+00 1.301591493711570013e+00 1.301591493711570013e+00 1.301591493711570013e+00 1.000000000000000000e+00
1.400016900000000009e+00 1.384091353321929896e+00 1.384091353321929896e+00 1.384091353321929896e+00 1.000000000000000000e+00 1.326183203591219995e+00 1.337732120105789901e+00 1.314634287076650088e+00 1.017569778345354559e+00 1.265875736307850108e+00 1.279155683186919967e+00 1.252595789428790019e+00 1.021203882355569581e+00
1.480001600000000028e+00 1.342722300882569941e+00 1.354281382532039890e+00 1.331163219233109984e+00 1.017366888571521910e+00 1.294697535155080015e+00 1.313228187779200029e+00 1.276166882530969993e+00 1.029041111907502248e+00 1.260066884302299961e+00 1.285778814644839896e+00 1.234354953959760026e+00 1.041660513064021298e+00
1.560002200000000006e+00 1.339560667524990034e+00 1.355493244059980062e+00 1.323628090990000006e+00 1.024074098522755438e+00 1.297630597526250096e+00 1.320342493751780033e+00 1.274918701300719936e+00 1.035628775705240701e+00 1.262543494711849901e+00 1.292825856233619897e+00 1.232261133190079905e+00 1.049149260178928067e+00
1.640003099999999936e+00 1.345100276592239963e+00 1.364078812705749932e+00 1.326121740478739985e+00 1.028622615155458719e+00 1.303313059241109961e+00 1.329042025166720098e+00 1.277584093315500047e+00 1.040277530160601760e+00 1.266954501325249893e+00 1.300865830080099927e+00 1.233043172570400081e+00 1.055004284536377401e+00
1.720003200000000065e+00 1.353145984749180020e+00 1.374477261459349897e+00 1.331814708039009920e+00 1.032033400114012123e+00 1.310444361223529919e+00 1.338412274787470047e+00 1.282476447659600005e+00 1.043615480993781874e+00 1.272285719734479903e+00 1.308749943940699989e+00 1.235821495528250047e+00 1.059012121634343995e+00
1.800004500000000007e+00 1.362647647360250014e+00 1.385524462800840073e+00 1.339770831919649963e+00 1.034150341081566449e+00 1.318323374351100030e+00 1.347977337302370016e+00 1.288669411399820053e+00 1.046022607022329076e+00 1.278127303485639965e+00 1.316480737372939913e+00 1.239773869598330025e+00 1.061871660353239877e+00
1.880003499999999939e+00 1.372996353656529944e+00 1.396692692192109897e+00 1.349300015120959984e+00 1.035123898717885460e+00 1.326509001269889909e+00 1.357302773752820046e+00 1.295715228786950002e+00 1.047531698013249635e+00 1.284360637842669961e+00 1.324516488098929967e+00 1.244204787586409955e+00 1.064548618775462030e+00
1.959999999999999964e+00 1.383676738153480024e+00 1.408002759414489935e+00 1.359350716892469890e+00 1.035790647635983497e+00 1.334837855291300057e+00 1.366218229816140051e+00 1.303457480766470056e+00 1.048149440987338421e+00 1.290861812596870051e+00 1.331881577518950088e+00 1.249842047674780021e+00 1.065639918257508922e+00
2.040003800000000034e+00 1.394896498340870039e+00 1.419220286870950032e+00 1.370572709810800038e+00 1.035494342410236301e+00 1.343194257387229973e+00 1.374867577424959908e+00 1.311520937349490046e+00 1.048300136331403065e+00 1.296948357195109924e+00 1.337230319443430071e+00 1.256666394946780008e+00 1.064109237599261126e+00
2.120000099999999943e+00 1.405600158172140013e+00 1.429720680705899971e+00 1.381479635638370063e+00 1.034919837993296232e+00 1.350514477607720032e+00 1.381296729403219903e+00 1.319732225812219939e+00 1.046649238676512939e+00 1.301109204093569893e+00 1.338696428791650073e+00 1.263521979395489936e+00 1.059495957032837721e+00
2.200008599999999870e+00 1.414881361806910043e+00 1.437614598446899983e+00 1.392148125166910111e+00 1.032659220996716032e+00 1.356003509115460082e+00 1.383849653270109892e+00 1.328157364960810050e+00 1.041931995242855180e+00 1.304464437836609925e+00 1.337957412433850024e+00 1.270971463239380039e+00 1.052704526523152717e+00
2.280004299999999873e+00 1.421846606359840059e+00 1.441958468150559947e+00 1.401734744569119950e+00 1.028695674226013601e+00 1.360330609125780077e+00 1.383992708182629983e+00 1.336668510068929949e+00 1.035404588166186191e+00 1.308299797329899983e+00 1.338059304821489937e+00 1.278540289838320021e+00 1.046552318652935520e+00
2.360005600000000037e+00 1.426172427775660001e+00 1.441647396115409929e+00 1.410697459435910073e+00 1.021939457303535193e+00 1.364485656615739950e+00 1.383595059324449927e+00 1.345376253907029973e+00 1.028407521915472245e+00 1.312781678892410042e+00 1.338867406294079965e+00 1.286695951490739898e+00 1.040546839945284185e+00
2.440004800000000085e+00 1.430171552214559938e+00 1.441867474251129932e+00 1.418475630177989943e+00 1.016490832535631883e+00 1.369408068198479933e+00 1.384582926141959991e+00 1.354233210254990105e+00 1.022410996612064471e+00 1.318206781562540009e+00 1.341864896005620089e+00 1.294548667119459928e+00 1.036550367002767814e+00
2.520005499999999898e+00 1.435900996667839991e+00 1.443965337260449955e+00 1.427836656075240018e+00 1.011295886764487229e+00 1.375359509550140080e+00 1.387730400823619981e+00 1.362988618276659958e+00 1.018152596591924031e+00 1.323834542837029948e+00 1.344922392830069979e+00 1.302746692843989917e+00 1.032374444101644473e+00
2.600006099999999876e+00 1.442200823384119923e+00 1.447836203737479899e+00 1.436565443030759948e+00 1.007845629839836388e+00 1.381998420208029987e+00 1.391976927606789927e+00 1.372019912809280040e+00 1.014545718040379629e+00 1.330178844403610006e+00 1.349482578587410053e+00 1.310875110219799966e+00 1.029451675500297370e+00
2.680000999999999856e+00 1.448641639912729984e+00 1.452001066361100046e+00 1.445282213464369914e+00 1.004648817258066762e+00 1.388916443435560089e+00 1.396580909966369966e+00 1.381251976904739998e+00 1.011097854206138846e+00 1.337207692076689991e+00 1.355175454958730041e+00 1.319239929194649941e+00 1.027239568003386339e+00
2.760003999999999902e+00 1.456004824756270022e+00 1.457522451021270093e+00 1.454487198491269950e+00 1.002086819693668307e+00 1.396652627604719976e+00 1.402927674414820025e+00 1.390377580794609935e+00 1.009026392394098970e+00 1.344149035561599925e+00 1.360520518332539952e+00 1.327777552790649906e+00 1.024659978226829304e+00
2.840007500000000018e+00 1.464155711667739945e+00 1.464690228828420038e+00 1.463621194507060075e+00 1.000730403690088588e+00 1.404165146649200002e+00 1.408866268597080085e+00 1.399464024701329912e+00 1.006718460589050679e+00 1.351161288355170020e+00 1.366220543997819892e+00 1.336102032712519927e+00 1.022542074293648184e+00
2.920005100000000020e+00 1.473286600425780080e+00 1.472766459454480037e+00 1.473806741397069908e+00 9.992941530844107190e-01 1.412296128730790024e+00 1.416059391436850001e+00 1.408532866024720054e+00 1.005343521328949885e+00 1.358991191649189911e+00 1.373437295572270012e+00 1.344545087726100041e+00 1.021488463354570442e+00
3.000000000000000000e+00 1.482273123033619910e+00 1.481328630983379968e+00 1.483217615083860075e+00 9.987264282184422637e-01 1.421002337591469988e+00 1.424432586160969905e+00 1.417572089021970072e+00 1.004839610762746638e+00 1.366515274116689938e+00 1.380170302196529919e+00 1.352860246036839964e+00 1.020186901226267651e+00
